

1. “Empezamos el primer trimestre en IVN 2024.”
	
	Respuesta: 
	00100010 01000101 01101101 01110000 01100101 01111010 01100001 01101101 01101111 01110011 00100000 01100101 01101100 00100000 01110000 01110010 01101001 01101101 01100101 01110010 00100000 01110100 01110010 01101001 01101101 01100101 01110011 01110100 01110010 01100101 00100000 01100101 01101110 00100000 01001001 01010110 01001110 00100000 00110010 00110000 00110010 00110100 00101110 00100010


2. Nombre: Randol Edwar Jheremy Arango Gutierrez

	Respuesta: 
	01010010 01100001 01101110 01100100 01101111 01101100 00100000 01000101 01100100 01110111 01100001 01110010 00100000 01001010 01101000 01100101 01110010 01100101 01101101 01111001 00100000 01000001 01110010 01100001 01101110 01100111 01101111 00100000 01000111 01110101 01110100 01101001 01100101 01110010 01110010 01100101 01111010